916375038770
917015261783
917017095262
917017194599
917017727311
917017732713
917019034452
917023669524
917024564092
917027306802
917027348222
917027348224
917029062265
917034887559
917044754952
917050660049
917050899235
917051250632
917051508482
917054974898
917055587179
917056055065
917056319009
917057715858
917058706738
917061029304
917061424257
917062101012
917070880693
917070888805
917071723322
917073273197
917074733641
917079986736
917081528521
917082160880
917083301945
917086169014
917086354570
917087641277
917091749476
917099958353
917208338961
917218332888
917219123657
917219547523
917230911081
917231980641
917233006574
917233065225
917238974353
917240586364
917260843489
917278712511
917291932795
917292022636
917296874316
917302129717
917302912506
917304578391
917305135712
917319431919
917319767925
917339708929
917340365229
917347323681
917352462584
917357546521
917357828129
917362906084
917367091527
917369088077
917371895774
917372976525
917378219456
917384850829
917394849096
917404141096
917405661953
917407602125
917409083538
917412022072
917414840313
917425809928
917429384097
917439108282
917439529948
917439780057
917440496114
917440893274
917441140602
917488017716
917488341072
917489070865
917489969141
917496849970
917498653211
917501017329
917505435883
917505671966
917520995667
917533803107
917541925161
917543809442
917544061185
917549091146
917567375366
917578837711
917585089755
917587148100
917590032350
917597773064
917601860154
917610294309
917611086408
917633804666
917654092222
917663946864
917665311583
917679114688
917679252698
917679800308
917703990600
917707092437
917707979954
917718949600
917733944811
917735518716
917735771266
917737988905
917739546895
917740900903
917743989463
917780318482
917780318582
917782999321
917791914001
917797456978
917798203928
917800094757
917800215613
917804016256
917814148040
917814167721
917818912739
917820001398
917843808022
917850991183
917852842778
917854658854
917855875511
917857026031
917857823778
917857886671
917860745432
917865925478
917869551155
917874586356
917877129670
917877626763
917877778246
917877954141
917878451005
917878622208
917886799960
917888142041
917889981037
917891066877
917891896631
917894563210
917894589900
917895477205
917896929292
917897019988
917898775854
917905210509
917906113122
917906807101
917965925478
917970165730
917972444290
917974590472
917976571134
917976723976
917976932541
917979833169
917980190828
917982447095
917987215255
918000055915
918000369689
918000403098
918000685588
918001856147
918002022248
918004636926
918006203534
918010772870
918010935124
918011468810
918016030119
918016590610
918050766479
918053120637
918053895444
918057222192
918059896597
918072726703
918078643569
918079000983
918084274184
918094096657
918094657191
918095407143
918100286567
918100492791
918101013838
918107049004
918107790564
918116797827
918120539117
918123735536
918133995232
918144094480
918145391505
918147423472
918167093255
918171825446
918178829194
918188838985
918200372810
918209425983
918210327986
918210438375
918210863872
918210935529
918218316743
918218698878
918228816913
918233281890
918249394337
918252802615
918273308478
918279218824
918285016382
918287546300
918295781704
918299506407
918302126030
918302157477
918302190184
918303870435
918305100776
918306536054
918306949278
918307228572
918307260633
918308742637
918319577420
918320333644
918327818135
918327857465
918328079528
918340204020
918345632121
918348313317
918349387985
918368345097
918368381230
918371803140
918371934629
918376810119
918378808028
918382074936
918385845253
918388011892
918388987248
918389961899
918393865367
918393990980
918393999334
918400976710
918401973200
918428848423
918433074025
918434815279
918437335082
918446505237
918453132783
918459993598
918473835421
918491950024
918498074487
918500510723
918502092197
918503982354
918509249588
918515899085
918527262662
918528654676
918529547186
918529637410
918543026031
918562288057
918585402630
918595502036
918601586961
918602681226
918604753902
918605207867
918605231580
918607000297
918607206393
918607663034
918609163759
918617028113
918619097733
918619238517
918638164283
918638378083
918651283497
918660457844
918660546578
918670882253
918674964352
918683866709
918684082303
918690036808
918699680068
918707285146
918708186610
918708921067
918717003855
918718802834
918735079995
918754324902
918757593732
918761837207
918766603149
918767070841
918769827407
918777061730
918787004140
918788614228
918791152812
918791572789
918805620350
918811074611
918815476090
918822310849
918822566411
918825253891
918825253892
918826090428
918828359340
918837422744
918839120205
918840678675
918847718263
918849227088
918851422703
918859665732
918860554455
918865885544
918866984506
918871544144
918873141806
918874482625
918875854605
918888251387
918888888999
918889255967
918889997841
918890236761
918890740873
918890740878
918890824634
918901070235
918910142445
918910347412
918910772654
918917404684
918917436828
918918207474
918918671027
918918838270
918920069573
918923048307
918927950935
918930101761
918949738406
918949772020
918954184951
918955029925
918955261709
918957549121
918958895617
918959786343
918962834960
918968159888
918969479489
918979879897
919001177523
919001686453
919002824391
919004040592
919004895839
919010009119
919022343601
919024128979
919024892525
919026098565
919026274718
919026496731
919026583721
919027557377
919027870059
919033505923
919045005726
919050276201
919057438447
919058294333
919058428843
919064043750
919064305899
919064497839
919064692593
919065001331
919065319824
919078834088
919080826599
919082306044
919084773466
919084904460
919086849743
919096364864
919099331755
919214865612
919220457038
919234456535
919235978804
919236086526
919236413353
919241718434
919259577264
919259684256
919259694259
919274714818
919279044023
919284131996
919306022613
919309841783
919310248322
919321025016
919321759087
919322461670
919322510443
919324067561
919326588813
919332579022
919334793713
919334974952
919336521871
919340703608
919348505493
919350078419
919351763056
919354435209
919354667484
919355414773
919365076151
919365557203
919365657001
919366480863
919368525274
919371331887
919382936133
919389246369
919391473442
919391688594
919394553331
919395353268
919398177645
919399928787
919410060041
919414727425
919428378511
919441357351
919450594631
919453320126
919454304103
919456046823
919457709200
919460603600
919462875961
919462916241
919471613502
919474776286
919487200764
919492840272
919499493640
919501081878
919507380855
919509438745
919509438748
919509936801
919509958028
919518594645
919518895476
919521689253
919521872402
919521888963
919528030228
919528182622
919530394552
919534673986
919534811817
919546757403
919547620954
919548161863
919549166681
919549430248
919552993129
919555739603
919556803303
919556840604
919556853385
919558198819
919563615660
919565795228
919568337496
919568782185
919571483583
919572537456
919572953911
919579560627
919580782969
919585051739
919586658743
919588221390
919599694771
919608355571
919610398807
919610580363
919615122100
919616584085
919616889072
919620260551
919624228193
919634007427
919636402536
919639859023
919643706877
919647777433
919649727250
919649783129
919651061314
919654830266
919662523367
919663000773
919667260901
919670495161
919671703700
919672963881
919678450175
919680686360
919680906677
919680924142
919682158733
919682198720
919690881202
919693440964
919694566478
919695655425
919696269875
919696474968
919709732510
919721201818
919727037327
919727239468
919728131622
919731738986
919735588455
919737557068
919737560530
919749102537
919755034816
919758006813
919758691716
919760979195
919761893033
919767663467
919770403487
919770929439
919772012473
919772243649
919772415620
919777211715
919779855352
919783360188
919792057905
919793033301
919798649718
919800260022
919800750091
919801872430
919803265423
919812875762
919813050044
919813740898
919814068219
919814954503
919815477632
919820140634
919828123197
919829642841
919831286980
919832145980
919834744227
919835457412
919842671538
919852155728
919855806462
919861917136
919863979227
919871556394
919876543210
919876543212
919877991716
919878787878
919879540166
919887215993
919887915039
919890988846
919896209197
919897033181
919905756411
919905954332
919907020561
919908499608
919911273100
919918014419
919920603337
919928177163
919928563212
919932988967
919933888397
919934987239
919939909875
919950702372
919953106581
919955668800
919955978002
919956423587
919960696464
919960696656
919960697071
919982181629
919982311474
919988354792
919988776655
919991065707
919997593602
